# threads seconds successes-per-second retries-per-second seconds successes-per-second retries-per-second
 1  18.579   81.1   0.0  11.842  127.2   0.0 
 2  10.262  146.8   4.5  11.842  127.2   0.0 
 3   7.374  204.2  12.7	 11.842  127.2   0.0 
 4   6.120  246.1  19.6	 11.842  127.2   0.0 
 5   6.334  237.8  21.6	 11.842  127.2   0.0 
 6   6.448  233.6  25.0  11.842  127.2   0.0 
 8   7.070  213.0  26.4  11.842  127.2   0.0 
10   7.251  207.7  28.4  11.842  127.2   0.0 
20   7.644  197.0  38.9	 11.842  127.2   0.0 
30   9.144  164.7  51.3	 11.842  127.2   0.0 
50  10.085  149.3  54.5	 11.842  127.2   0.0 


