# threads seconds successes-per-second retries-per-second fails-per-second
# ...             successes-per-second retries-per-second fails-per-second

#### Intel Core i7 4770 @3.5GHz

### Hadlock algorithm, FRONTIER-FIFO implementation
# full optimization flags (speed 3)...
 1  3.440  437.8    0.0  1.7   1.931   779.9    0.0  3.1
 2  2.261  666.1   15.0  2.2   1.303  1155.8   13.0  4.6
 3  1.654  910.5   36.9  3.6   1.168  1289.4   24.0  5.1
 4  1.573  957.4   50.2  4.5   1.127  1336.3   43.5  7.1
 5  1.463 1029.4   43.7  4.1   1.105  1362.9   33.5  8.1
 6  1.487 1012.8   51.8  4.7   1.078  1397.0   60.3  5.6
 7  1.480 1017.6   58.1  5.4   1.137  1324.5   54.5  7.0
 8  1.552  970.4   68.9  4.5   1.138  1323.4   73.8  6.2
10  1.511  996.7   65.5  4.0   1.114  1351.9   93.4  6.3
20  1.503 1002.0  102.5  4.7   1.247  1207.7  109.1  7.2
30  1.575  956.2  135.2  6.3   1.216  1238.5  155.4  6.6
40  1.550  971.6  200.6  3.2   1.267  1188.6  167.3  8.7
50  1.662  906.1  237.1  6.6   1.202  1252.9  203.8  5.8
60  1.670  901.8  214.4  4.8   1.298  1160.2  253.5  5.4
80  1.723  874.1 2215.9  6.4   1.170  1287.2  287.2  7.7
100 1.663  905.6  772.1  3.0   1.328  1134.0  242.5  6.8






#### Intel Core i5 750 @4GHz

### Hadlock algorithm, FRONTIER-FIFO implementation
# full optimization flags (speed 3)...
# 1  5.375  280.2   0.0  1.1     3.857  390.5   0.0  1.6
# 2  3.282  458.9   7.3  1.5     2.672  563.6   6.0  1.9
# 3  2.400  627.5  26.7  2.5     2.154  699.2  18.1  2.8
# 4  2.335  645.0  27.0  3.0     1.814  830.2  25.9  4.4
# 5  2.141  703.4  24.3  2.8     1.599  941.8  28.1  3.1
# 6  2.059  731.4  26.7  2.9     1.608  936.6  42.3  4.4
# 8  2.176  692.1  36.8  5.1     1.676  898.6  38.2  6.0
#10  1.987  757.9  45.3  3.5     1.512  996.0  54.9  4.6
#20  2.023  744.4  85.0  1.0     1.589  947.8  74.9  5.7
#30  1.989  757.2  80.9  5.0     1.640  918.3 103.0  7.3
#50  2.212  680.8 106.7  5.0     1.818  828.4 133.1  5.5



### Lee algorithm, FRONTIER-FIFO implementation
# full optimization flags (speed 3)...
# 1  18.579   81.1   0.0 ??	  11.821  127.4   0.0  ??
# 2  10.262  146.8   4.5 ??	   6.901  218.2   6.5  ??
# 3   7.374  204.2  12.7 ??	   4.952  304.1  17.4  ??
# 4   6.120  246.1  19.6 ??	   4.482  336.0  24.1  ??
# 5   6.334  237.8  21.6 ??	   4.527  332.7  25.6  ??
# 6   6.448  233.6  25.0 ??	   4.460  337.7  30.0  ??
# 8   7.070  213.0  26.4 ??	   4.495  335.0  34.5  ??
#10   7.251  207.7  28.4 ??	   4.865  309.6  38.8  ??
#20   7.644  197.0  38.9 ??	   5.513  273.2  56.4  ??
#30   9.144  164.7  51.3 ??	   6.187  243.4  60.4  ??
#50  10.085  149.3  54.5 ??	   6.737  223.5  78.2  ??


